dataset_specifics:
  acc5_clip_range:
  - -2.0
  - 2.0
  acc7_clip_range:
  - -3.0
  - 3.0
  negative_threshold_binary_non_neutral: -1.0e-05
  positive_threshold_binary_has0: 0.0
  positive_threshold_binary_non_neutral: 1.0e-05
model:
  audio_dim: 25
  cls_dropout: 0.5937646156300298
  cls_hidden_dim: 128
  contrastive_margin: 1.0
  dropout_prob: 0.10078973062692759
  hidden_dim: 768
  lambda_style: 0.14146783175169614
  num_classes: 2
  reg_dropout: 0.5931714916275074
  reg_hidden_dim: 128
  router_depth: 2
  router_dropout: 0.08239898622944626
  router_hidden_dim: 384
  style_dim: 256
  text_dim: 768
  visual_dim: 177
paths:
  cluster_path: D:/Study/style_moe/clusters/centers_256dim_sims-v2.npy
  data_dir: D:/Study/style_moe/database/ch-sims-v2
  output_dir: D:/Study/style_moe/outputs/ch-sims-v2
training:
  aux_loss_weights:
    audio_cls: 0.02198207558991777
    audio_reg: 0.1917417353649882
    text_cls: 0.306016436187712
    text_reg: 0.2928704747961461
    vision_cls: 0.010104402587950256
    vision_reg: 0.028844892007599238
  batch_size: 32
  early_stopping_patience: 10
  epochs: 50
  focal_alpha:
  - 0.5
  - 0.5
  focal_alpha_binary: balanced
  focal_alpha_has0:
  - 0.5
  - 0.5
  focal_gamma: 2.867542812126472
  focal_gamma_has0: 2.7693411543405433
  loss_alpha: 2.388164541731171
  loss_beta: 0.7010751372832902
  loss_reg: 2.4682076998846125
  loss_weight_has0_cls: 1.5184915606738547
  lr: 5.225287417612049e-05
  score_weight_corr: 0.3
  score_weight_f1_has0: 0.1
  score_weight_f1_non0: 0.4
  score_weight_mae: 0.2
  weight_decay: 0.007970284146142002
